1066167970
70824206
1526478257
1623926141
2138524477
1166970215
1972735030
699224193
249156210
398518849
228734468
1286006495
1891103130
1978910038
1906286831
1702865820
1960760251
1476805894
233079320
1178355679
1095074881
1558970276
274501562
1928349165
705196836
1543556314
746470548
1043458038
370998288
402959561
245870269
1437166259
473783768
1772348526
913608752
464824597
791835093
738860135
1164048790
1040991304
1137378984
1392783258
179514151
880998466
1224209648
2085800983
436380638
1037486251
1415123229
669459958
68358283
362714462
80946587
342859845
143579979
786143423
1886416159
890050527
1829601461
109930799
1293010089
2075471731
1547097058
1766793857
1700336609
313222163
84134806
344688055
1052082298
1248183596
1385679359
41977634
493483207
1565193510
922976100
1717692855
1503510845
1359356738
607695459
771150427
2028816697
676053742
1133864889
2109763284
1018913587
1277444869
748423059
757846098
20011748
430540873
867776897
1313021837
358528956
267390308
932332046
2058865565
580612471
1016466852
256069972
1632694769
117166801
1641749331
1674672403
610650008
1059459194
450164855
180859215
415486391
1809521593
788554674
1186636818
1690854642
1464608416
173018060
1653134278
336038355
1450462929
254073690
1093884453
1470474677
684614563
1961661351
636012867
1043143519
81568011
1568344913
954525436
662180482
437328118
1210595409
147391603
554494919
704861092
1822064006
1165144927
1764320286
124745213
1346004142
32323030
1934266806
2134558817
1218959848
1477637801
1451683585
1391977908
983288431
1787721941
694957189
1237362121
734122746
17948219
1921976684
548300449
653961086
817636555
629868460
74822351
1772161992
1292048942
512150469
835273753
1439440545
1066645388
1540134845
1114020903
84306667
1156971484
1238766116
1430310810
1189294514
1025549275
1417385979
260770714
355703428
721585916
1652748623
1338991859
361824209
200222164
428870333
1095946956
218170383
203363369
1644247405
872131469
1020999925
126632218
946953821
645678269
1418681160
1459104290
1480952022
710638058
378266031
873603219
1824658961
462572698
2030574703
915941430
1892883508
1072385569
1941490705
1162785839
1333156284
149710485
1884371756
838421259
1488702344
98712317
1038643423
1917572677
1194659273
1256813807
2120936047
691423031
2128945276
994452324
818055249
928415449
1640130593
89252761
240036092
973598967
799890819
618302123
1847202186
477066133
1080874821
1730293242
1393007563
826274682
655195163
1187014620
1989060521
1988351447
1336725105
1725948629
679289058
677943801
1824660947
1717932482
448032831
871836572
827262641
421485230
1563259603
808724269
1415937554
233831204
1737139719
908584499
323083966
1977175811
1882183466
1122974785
447994286
1581902004
1600040918
1528869107
1164711598
845564833
207660141
1819906762
2032579453
49237015
1660774561
1221820910
1775185644
192579972
1899764712
1452362943
1910512454
200313895
176715868
590291447
621799125
1739975471
1399015716
2037736679
1973806676
988671787
798837530
149406994
818363950
533537348
1272381779
1266358236
2115439352
724939050
647743696
1132667303
1570503883
855403837
805090417
1455599689
904640852
318381330
529936951
532342849
510961302
282218015
1984705792
273990108
482531910
13938012
864281555
1104331035
1753913484
115813624
994584066
1580236512
1104485411
1793421596
1729643506
1922849362
179475296
854541637
1041723950
147431001
1579480687
1689467646
1280098304
1002500923
397387836
2085188721
310616964
1302028688
256086403
840553915
1834371537
767047706
1122771931
1671593682
1041037814
1605303841
1685531694
1905319370
562151229
1291961530
2021132994
1556735295
724714394
978134757
1202673244
306874252
753500471
1382148540
1161415890
1795224422
1529579541
593412929
1337208420
662194197
1595913852
1734596256
599899270
1906530816
889141297
855985674
599601084
576029186
1623033380
1722373015
100139220
516587546
1180193208
1785670915
274423268
1742344437
930148797
148072614
1151596085
1654863192
1126207372
206785681
1961737444
1879707843
1588934221
975669686
1527448617
971030115
1569082616
717173390
1633224312
1017512820
304285998
85639935
776559989
1193427295
941625609
1376161073
1769456482
417175341
951050440
1869595702
933762887
2131243648
1507782969
1208186156
1726104438
290448119
1356258770
730216875
1945311311
334982494
937002556
1759565107
67206690
378453129
587751146
1594655307
1349483244
9350114
164345049
835223909
1026862934
468631048
920863844
1803422923
1662058343
1862489453
1032100348
1284031177
132181146
1983150788
1006143232
1065944033
1966910789
366442553
126646541
1545531579
656890672
1482905312
128264806
454718335
1817887806
1065267362
66799795
1885094496
1443720491
654550941
1332266156
645720088
663901055
1496611205
1480943997
1690763989
1965242253
254324193
1346703265
1479816949
2116813646
231319965
616364478
101511144
66987106
1622507710
1167455177
2033897895
1988950264
1294101719
1431945826
498357288
629523383
1560210632
953075624
299927541
477994346
1019875419
37538390
1921714837
1674426360
1369804546
419951277
190843767
718932103
1900895274
1881607756
536690709
7735819
1080827373
2016507658
2124549465
1312147339
485388488
78576961
1379134445
2107896199
1246032139
1265548692
1949362815
392650210
550010870
300236455
1022173593
2110221502
1253312079
1322101134
440732200
125703850
1359639524
214963389
1800130210
581960422
634914667
1990973977
1300892526
388326293
1725098086
1837583235
396062113
658441811
1706607245
373127930
1970589150
44512085
451704892
1202239947
4924636
1697737031
320304991
1954287451
2090387241
870315861
107040259
965077186
833053715
1360352338
139694672
1273785915
1486056189
1499334197
1488749305
1138702751
2081294619
2123663972
982193081
1234703497
364506617
559807519
924803084
760568730
1218249330
483926681
1133696661
1041354833
528438767
1585401553
96111132
533363403
1135654936
416416124
340167207
1078558529
1286731985
447207466
2043635715
2119785701
1807559804
35846739
1246087968
1146132345
1535180936
587353625
137351449
1468991908
563533949
1119544530
556211757
928040567
1679352049
1481014842
1688609297
750117731
1964941523
674822310
1791472564
345896642
112740215
1887583697
879260046
1248395151
156516173
1219427253
179470032
1443248158
1666634719
75622099
1415550211
1326710875
111468839
514154532
325359573
1646649775
1101508157
462711022
968158035
1665042107
1582255552
1524369793
445599026
1114123953
857900987
2134208323
1864241684
675358862
661546986
1508230601
1021255505
774287201
1248330650
1900515551
2022682353
1404846823
972459156
54668737
700611333
491610227
130290837
2116161545
1818321102
241759676
482832429
2143680675
1888409451
1584340586
458908049
709083839
1101899045
2041163601
85969984
1547498071
1007803906
943870971
1534222747
724561943
1619229833
48286085
85308896
493001690
822573286
1333639546
246033593
697771991
591002721
1218492749
752440729
1291614054
1710102976
882731566
1260291951
1380940431
1124491242
1743124380
1377137458
865417045
1179981319
1836045508
1574500884
134396716
1729725461
1660470868
1681894788
590045720
456858191
1068633887
1314607663
2076088025
1116919972
1399916559
421606067
1939493258
586072457
667639661
489781602
1177075178
1886132410
1242222331
321205584
1448751739
2124953897
1581497536
682208522
1101961491
1177138268
2059345980
1967378536
209635939
1747907840
1394395773
344032656
1330149654
907382993
2025927444
1920195374
1364241185
947077683
1087319389
1292845562
2063997655
339752300
1714451629
1856007265
925824757
234607642
198305219
2102899935
2120740053
1440527550
276621871
1422008144
1417997799
1858119407
2104216666
372475642
887774028
2016078998
192370531
1097409967
1616503191
1586766304
1441442623
799169197
346665649
1319886419
571880923
1710906834
119480454
1659200312
856268748
35994461
1998952612
423236730
1892001727
777293721
657844372
2090306946
732710008
631100777
1383350849
1009331879
2053108921
653865000
719967639
2009841939
1026340643
1607741667
1878437290
1218711174
557667986
1347456833
657993830
1999110610
2146626030
1004659479
1171513381
571023305
568082666
1290993836
82739969
1424351414
1326988297
2081692581
1847588144
1071506376
711502654
357948869
1014329675
1444212662
989049646
250196876
306060893
894674920
904061876
1026028532
757033211
1930402519
486286551
487986853
1001630045
1043954538
1835443686
1659623875
895581500
1834586068
516799707
2067094881
258125725
1084882373
1210605069
340865694
361750139
390109719
275074627
61854636
1461616095
986577281
419803505
328462122
283306295
1408853151
578658998
589367189
156044423
1482720875
1615395721
913077635
1265639746
2101682273
1401064488
119786144
998153163
1089024527
1779410019
1893734663
776126947
148726078
1813345896
1034252673
1233608451
876467318
1375118367
1595358591
1266577037
1650192995
1657213227
580709484
489286628
2077016732
909171607
772592924
1338386235
1487830605
1361960113
1494430659
823067832
829872186
260024646
2088707579
784070811
1661089134
61010075
1782223974
602630013
1840420094
1528474989
1378756961
1989146173
1194337238
265525986
1075270976
2070804556
1640644353
523145919
1189897945
1143353700
32875498
1770607429
1632640329
2109892230
532295388
257749605
1300794818
2020125994
1619709718
647741829
695710178
302098256
907766475
636934109
1086169068
421371961
697944184
720909394
1024001975
390880631
101900736
255275288
232543156
1296237974
520801274
1307814132
1219558882
13961979
1830960052
261973179
1157315680
1863835550
2032580608
642472361
1826244133
417392349
900221966
979555303
290034695
372448036
1627297132
985744873
674546292
387579959
1622678983
1760715360
808951920
173139519
334141107
1832953895
564020150
436041843
2088229183
796563306
1732279817
461546809
2104377439
804355051
475508789
1787853843
1066328230
1632824469
1504205745
951425190
127813182
1182966230
1368817539
1028035148
15037885
1658852234
1400483184
1642335017
497113460
2075029476
2029914976
2119792443
1688261189
691383249
145448314
2022402296
376853496
709468465
310960491
317599032
1506031771
2043240308
779145841
1462925562
700111711
1254654630
1103295757
1766439941
739995451
460017855
570381483
867808633
1642984085
1939199023
1895843781
1658021971
1450567609
1148843317
1152873340
1947681069
1076389146
1035304669
1919989864
617166687
1726687918
2065438179
492085335
2103541414
627422996
803045826
273656798
2133454767
698802486
1052802640
1448896682
1398914197
159973622
404708791
1017870490
899969074
864726646
1588251973
1767777707
360227084
1379967348
1516137841
2018249055
683051310
517497510
1023638747
483248731
1593886656
2058943416
255754948
63569695
1638147686
173709479
555655030
1594205453
801132475
