67853
61730
24777
69647
16715
69585
89960
90320
47141
80619
93251
38407
26401
44647
36997
73647
35281
98281
26416
25032
12287
66709
63326
3996
57896
46806
50924
92806
80029
68695
97909
36534
5523
80291
15747
39669
95042
83784
5390
71934
3506
71885
76497
81445
76502
57637
39939
4815
46237
77093
15321
41425
41540
95839
88752
57053
82926
7962
82343
70215
419
37889
97424
59198
67410
55719
65192
24215
66710
5155
91534
64141
26053
17155
44459
23543
76430
20569
17955
78006
8276
84910
33981
2344
89320
51041
91517
40315
5139
3663
81360
28298
65830
21814
27390
11382
97295
90563
90209
48900
33669
38269
62585
6363
63791
70057
67941
49031
97230
74058
77074
13490
65336
82487
34417
95158
1313
5916
50293
31709
83242
67544
43391
9474
88591
1538
49418
46167
80864
24547
32343
54964
77356
543
96956
7271
58917
62565
82497
70846
60725
48589
21587
66348
74767
74054
94750
78110
83913
12313
59633
28229
21190
36230
41019
9980
19331
90117
55621
77545
40365
21932
72433
46627
59947
29191
93545
82953
97050
28013
75499
26527
71242
13520
56488
77601
52811
69652
96813
80835
79273
68306
99473
13950
82102
13267
77372
18008
20806
23388
78794
99666
60736
28361
30565
85041
36205
10096
87309
40054
64041
15166
15069
19321
75937
94602
24285
76700
36617
29349
99776
38037
52710
61643
46470
31612
32290
67184
16615
37222
97532
86377
85790
7868
41087
65320
25310
64344
85239
12119
93550
12348
550
17382
46300
29743
60549
14431
53888
70377
86564
76087
61227
16840
47736
30453
23460
16971
97264
27565
5310
40685
15749
59688
86454
34459
29411
40405
13166
92794
21520
83682
94752
60017
67715
12004
947
4594
84332
97147
23726
93655
88266
46736
46258
73890
78365
33970
62741
85666
88956
30008
83368
52827
74556
83194
77194
62516
45622
11412
55638
9986
9542
44203
27657
98610
88398
23563
23518
58178
13845
64929
73235
24955
45017
76994
74689
97646
38687
4224
97322
45848
2571
40962
41695
60621
75867
64916
42632
65897
20253
24199
75622
80066
44839
45174
64960
51659
59594
93646
37313
44575
83040
76259
6695
63707
16570
97139
14398
46853
63945
62512
8390
14055
9511
32783
39225
76784
2724
7550
99213
48307
26734
79924
74179
27840
66346
66259
56150
82254
33199
42671
88636
99913
85882
10304
48418
46722
73576
89279
55774
69367
97024
11818
19879
82402
64961
28822
98519
94218
15765
57923
55699
20950
11201
63176
79632
93773
10456
62524
26855
9742
53881
56072
34398
21033
93953
84287
89390
17460
82680
313
54362
81864
52253
55991
2602
42221
26372
67314
8871
24775
70652
2655
71774
92985
25826
74081
29291
5616
52200
78135
68823
20627
68824
40229
17484
89407
35042
8992
54709
50759
6195
59247
39068
55184
52897
80434
47281
59556
18113
28862
96769
55939
12651
9656
2990
37900
9141
10944
8063
60896
2827
92413
28253
45133
20543
88152
43531
27500
91568
25492
32426
66801
11111
82966
49632
29342
64380
19380
53734
43866
882
45034
85595
59831
11898
20039
39098
84728
41892
83068
34627
78846
31909
65880
91726
94352
40522
44765
25558
43309
92883
65157
81965
11322
89670
19034
67185
64579
41943
21026
11780
74849
45234
89415
13823
30061
31897
55632
27242
38419
8329
91386
81707
11991
80625
19972
98837
9888
41390
96528
26277
18437
58988
94692
60628
90449
54529
25894
72092
99137
75573
1908
3423
92955
43060
50743
13550
49439
72396
69150
55985
71370
57455
35273
6062
62616
21252
44437
58335
70716
65690
67015
19263
98611
38786
43017
51763
60585
82416
64836
26901
71629
62713
32902
98480
46306
42230
2900
68399
36191
58613
98434
79654
17139
24109
65437
93033
22781
59472
70369
57208
59376
59051
53887
97159
5094
81957
32465
23491
25495
33235
62498
18250
24079
12730
36314
23242
92214
25205
89541
13813
95145
9176
65961
72921
14728
11396
9233
70640
4050
1532
67083
34255
32237
15488
36524
72633
92519
51495
25348
11649
34090
69877
79031
73597
86768
92660
47568
68151
37792
26112
23824
90680
49858
34080
51360
49221
18032
49181
84054
66597
50694
60042
90637
53507
52784
7625
22343
20162
98514
31147
95696
63562
18492
33789
86199
96088
52600
85156
51177
54131
40570
83206
54503
61612
44708
85246
25742
68302
95938
89010
79644
58796
6433
86929
53043
37893
89733
93083
92833
90940
63014
61995
30655
52241
64484
56554
45664
6266
31770
9343
90789
20314
31085
75257
72226
37534
98254
45646
47417
49138
74870
54131
99153
35718
12517
6267
74166
95327
55811
21469
60747
91135
94866
73744
87866
90819
84296
77993
77168
9439
79617
98445
81055
92255
28189
14181
19854
81930
43705
8900
31190
71390
93758
82882
58493
63821
61316
33650
47925
67892
20913
69372
55657
68642
61070
55296
30780
16634
56095
59459
78321
61639
88104
33493
77392
56780
51430
93792
97514
49506
62403
61401
74839
43952
23351
17910
64266
70454
75237
22309
69783
55668
83535
87664
62584
14936
43988
1443
2379
95888
81996
12178
8733
78187
90922
65125
31783
4335
11295
72778
57759
87135
27691
77779
26549
77158
67598
37897
16889
60319
85160
58021
19658
67317
18494
42047
84593
43456
38447
85416
77772
83908
81313
75972
57076
57023
62309
69882
95554
34230
62075
57794
23691
21057
38708
86680
86332
93368
16580
34679
80758
5841
40806
23100
39105
78952
5210
53764
75832
14316
82309
60775
27790
59321
2148
91146
87735
27619
86259
49991
7635
25036
60412
52817
8510
91832
87366
70256
26130
26013
80574
55023
36042
23187
39827
14140
26203
92213
47491
81142
36730
99847
91416
93617
26813
15013
43744
57981
58518
70596
9867
96909
18888
93891
53183
90080
43705
38631
26256
89306
65303
29273
82304
97214
61013
70240
79318
9989
6306
75772
58695
55634
78676
37269
44429
12454
11907
26610
78908
51740
39206
47989
98783
82908
39628
40202
25744
15028
30595
41217
75418
26502
83549
81888
13561
55114
50640
90516
41161
89526
94343
12994
34640
5135
86022
16896
50127
67010
34385
11867
98109
19929
24803
87828
81401
93792
9838
28423
16551
5063
52102
64767
96640
26061
80706
69940
40040
87655
6726
23712
32870
56739
76302
52790
94956
38555
89694
79358
41711
15231
9170
24775
30689
57539
63852
45099
22407
56986
58744
12452
56832
28008
8678
52024
41704
34888
11280
98439
11501
7934
15714
57465
23256
59354
7656
83755
77065
