4859
56
690
773
687
792
566
686
768
563
584
537
754
544
737
679
782
702
547
577
530
598
651
730
734
672
716
751
549
701
731
608
604
689
685
647
744
629
504
635
766
663
684
534
733
615
550
775
529
515
732
704
633
511
591
539
551
536
2277
54
571
776
792
575
743
754
566
527
780
597
557
517
628
534
768
611
676
587
764
709
791
595
614
682
766
746
515
642
625
677
514
681
701
612
572
519
770
502
795
747
525
711
777
651
543
605
581
580
731
603
737
647
751
596
3138
72
663
644
757
504
784
770
765
539
786
647
541
685
791
798
612
605
549
687
510
629
584
782
771
575
517
573
616
705
621
739
717
601
633
736
534
755
599
608
715
586
754
649
702
695
506
547
701
773
554
679
745
690
759
563
677
704
731
651
536
609
598
779
655
733
768
589
662
747
760
582
673
580
4141
45
529
577
745
572
551
660
754
755
621
542
583
628
682
796
596
687
662
710
568
779
782
550
703
681
566
701
510
504
677
624
603
519
750
506
650
546
579
635
567
727
537
586
505
712
516
3093
71
715
515
525
754
775
649
587
566
711
542
777
734
617
530
768
572
701
650
583
582
756
575
695
584
712
610
506
529
544
709
601
608
763
716
638
771
598
787
550
798
780
728
657
739
577
740
568
659
554
790
522
705
723
662
616
573
736
586
727
500
733
539
724
510
571
502
730
541
611
719
534
1825
36
731
755
770
660
703
673
782
758
743
763
548
719
597
543
546
513
754
724
779
568
757
591
529
539
615
784
760
572
799
636
625
519
649
746
506
728
1019
26
704
710
715
596
657
790
566
782
505
686
748
771
557
784
672
540
510
609
798
502
745
642
730
625
605
761
3357
73
712
786
583
613
643
525
536
610
782
629
679
572
779
580
633
686
658
510
564
727
709
703
760
615
645
596
514
682
650
766
792
575
755
743
621
754
589
642
675
582
515
745
687
780
503
568
711
603
581
710
599
770
795
676
561
757
673
758
631
775
705
746
769
651
690
513
604
729
717
534
502
516
719
2861
54
642
585
771
503
636
677
775
577
550
717
548
617
769
563
596
740
631
777
703
750
759
655
571
502
557
782
572
643
757
580
779
522
732
546
587
511
593
564
733
650
567
514
633
504
542
602
660
728
604
670
705
513
764
681
2082
79
539
549
563
658
602
760
671
590
570
504
746
571
771
709
609
603
506
731
773
638
595
729
752
583
601
598
587
649
736
597
672
764
689
768
733
775
769
766
586
651
686
581
546
787
732
676
756
717
758
748
544
784
670
604
792
599
547
534
690
712
612
510
636
710
796
577
711
786
791
610
557
685
668
620
704
754
589
561
694
2569
68
745
651
733
534
615
710
715
631
766
510
645
544
662
671
505
608
793
513
782
636
763
744
777
567
602
610
758
621
628
773
605
582
531
796
539
551
702
580
746
731
756
723
525
635
704
694
604
650
748
759
779
695
750
561
614
686
716
768
536
754
786
638
728
637
564
571
795
515
2732
55
776
730
572
761
747
635
519
544
745
791
637
723
610
754
737
777
506
792
595
638
757
563
662
579
585
511
659
539
689
564
537
642
546
728
624
510
601
750
561
670
732
516
780
727
548
566
671
701
540
687
612
631
684
657
570
2839
33
571
561
695
657
740
511
615
537
581
776
517
609
703
617
589
681
564
757
704
505
784
611
736
733
759
551
798
629
672
616
604
504
682
1035
89
730
637
746
610
635
795
716
566
776
782
755
584
715
694
719
768
727
745
513
764
544
743
728
572
651
543
675
705
563
798
779
561
564
536
550
702
638
763
690
540
679
668
785
541
761
736
601
643
604
673
777
570
603
653
737
608
787
773
703
611
649
657
717
791
617
581
613
732
775
585
534
522
784
502
542
554
704
731
587
631
628
687
663
599
597
771
579
739
760
2785
65
663
689
629
570
732
792
705
642
737
542
601
643
567
754
679
773
740
769
599
506
676
734
550
539
756
761
752
551
579
631
587
659
766
687
534
511
502
785
522
525
577
620
549
662
751
590
727
702
685
759
624
628
681
790
635
575
723
505
564
582
529
777
690
799
671
2776
51
608
543
502
589
506
785
596
649
598
701
510
530
712
561
729
776
687
564
743
591
662
611
711
527
548
642
513
724
612
689
547
566
636
515
658
773
645
601
550
765
685
694
770
705
740
549
544
786
633
792
546
1223
83
719
598
610
776
650
711
571
728
733
729
511
676
609
687
795
529
649
763
503
739
595
601
613
593
710
612
514
599
660
681
563
584
758
586
712
715
796
766
752
543
527
779
603
616
635
734
587
537
585
605
727
597
568
647
534
761
530
573
792
750
768
782
577
775
777
754
517
567
723
604
608
546
671
780
745
784
771
709
690
694
531
540
628
2668
92
689
704
764
795
732
798
770
787
755
614
631
723
551
638
506
643
591
771
582
759
557
757
541
554
779
694
744
773
504
791
525
625
659
510
671
586
729
529
799
570
516
628
583
763
734
544
675
566
746
502
522
786
663
644
615
655
758
728
584
548
766
662
579
610
571
519
760
536
651
750
517
581
690
612
597
782
748
561
751
602
679
531
733
563
543
620
514
792
549
776
684
575
1640
68
764
724
723
638
575
689
546
765
746
586
514
717
695
750
557
715
754
599
690
716
710
531
709
685
737
582
773
752
643
670
604
748
633
551
631
671
763
549
584
682
598
587
548
536
516
668
663
628
525
617
675
519
756
609
734
537
757
644
660
515
769
543
650
570
597
614
505
727
3325
53
733
769
629
642
670
615
529
586
551
595
717
522
689
546
754
779
575
681
682
660
581
702
734
715
580
727
601
510
662
710
750
763
604
736
500
506
758
527
791
672
728
573
685
647
554
611
790
582
624
760
719
755
511
4238
40
548
517
585
780
744
675
596
798
703
543
637
547
739
599
568
719
530
690
550
595
777
771
687
542
541
650
644
620
616
514
723
655
761
628
611
603
752
660
724
557
4335
39
663
729
580
732
747
786
764
613
608
589
585
724
596
651
597
522
740
546
685
649
681
672
645
771
727
549
668
739
593
583
795
765
782
702
547
776
647
710
655
4624
45
614
686
731
587
516
644
568
604
711
705
575
628
786
620
506
612
690
730
751
712
511
679
599
773
776
624
763
554
510
514
790
724
573
613
505
710
775
583
675
662
723
570
755
682
694
1053
76
793
651
677
531
595
580
643
662
695
544
711
542
598
511
540
701
671
780
516
547
751
621
770
675
506
744
771
776
733
644
579
591
727
682
653
515
616
529
620
764
593
799
689
504
761
522
779
582
760
584
663
777
602
717
709
503
539
586
798
792
617
710
754
647
642
684
732
766
527
752
541
550
589
787
723
765
3728
33
744
736
702
547
685
743
513
525
537
580
757
784
780
715
527
649
543
787
748
542
522
711
723
557
731
677
660
763
785
798
572
733
689
1734
51
611
579
573
729
564
751
603
682
546
792
617
756
540
534
568
677
663
796
768
531
608
763
723
651
644
786
745
583
635
737
744
769
777
685
675
754
798
577
529
587
516
604
690
672
505
730
599
522
621
793
712
1859
81
517
642
704
791
695
653
744
689
769
590
625
537
549
670
687
740
701
746
659
728
609
621
635
585
536
568
739
502
745
771
796
572
679
795
636
617
776
516
624
566
703
723
540
593
690
675
602
793
754
712
682
766
750
546
732
768
610
765
557
551
756
595
541
584
731
613
503
775
734
668
631
787
570
515
616
615
628
786
761
547
637
3132
46
537
546
712
653
551
554
620
786
751
796
587
605
787
727
744
754
628
542
613
660
685
651
752
748
517
629
670
525
730
658
598
716
583
529
795
694
534
568
785
768
536
577
673
511
695
773
1622
92
740
563
636
776
587
597
773
729
561
645
796
510
799
613
628
548
760
671
611
647
621
751
709
702
571
551
586
689
660
790
759
625
539
515
550
638
530
603
593
784
736
537
719
536
590
566
525
580
513
602
765
589
682
614
599
604
764
734
543
534
748
598
547
610
579
642
739
686
504
744
756
770
766
544
517
684
505
503
745
758
757
701
651
522
768
716
662
617
527
685
668
608
2126
54
793
748
777
561
584
784
711
534
511
710
602
681
539
763
687
758
536
628
522
792
500
649
670
625
510
761
702
746
616
737
631
675
745
633
596
624
768
650
729
567
537
503
540
601
790
773
662
595
673
647
579
614
563
587
1260
80
649
746
629
542
724
776
598
733
504
690
550
537
534
570
517
723
546
740
751
796
557
799
782
522
756
729
736
581
577
759
715
660
525
684
637
506
599
784
636
672
638
568
579
536
671
710
503
703
514
566
727
689
717
734
601
582
543
573
551
620
633
564
747
775
502
567
642
529
540
563
591
737
764
662
624
695
587
547
709
549
2551
28
703
583
784
679
550
502
658
739
527
522
799
659
649
763
671
756
525
780
513
723
752
595
647
603
589
690
608
548
1729
64
703
748
604
724
764
504
659
732
586
793
511
769
608
785
595
679
647
702
780
744
770
695
561
624
644
614
563
612
613
575
663
775
548
673
628
761
768
581
730
795
633
536
549
601
616
620
705
539
766
759
529
541
687
643
747
712
777
779
546
717
609
798
729
739
3242
29
768
589
515
702
642
709
739
755
525
571
582
668
633
727
590
546
799
617
715
734
730
685
790
710
704
519
584
638
605
1472
89
583
587
536
612
795
610
760
746
638
732
703
672
593
599
539
633
769
531
541
671
603
557
716
579
780
515
643
647
685
505
761
644
755
529
635
712
715
613
519
540
542
595
642
733
617
566
747
510
743
756
602
763
511
675
766
586
589
775
727
601
737
514
745
695
790
771
598
551
571
584
651
793
544
799
596
694
758
748
784
750
591
658
787
786
724
550
561
575
730
1215
47
792
514
694
710
763
515
566
723
536
548
629
658
695
651
635
675
784
616
537
751
681
650
522
662
591
609
502
780
785
730
500
728
511
798
659
567
590
534
701
670
563
527
572
610
624
755
731
1654
67
561
581
777
745
675
776
709
732
677
615
670
686
690
531
728
769
540
787
649
557
746
517
737
582
650
673
602
644
548
679
727
710
584
711
614
782
716
546
658
609
568
719
724
591
655
590
681
596
631
621
780
712
723
597
500
659
603
514
747
598
629
549
612
759
625
635
563
1762
95
670
561
547
551
770
544
761
671
701
754
567
601
579
610
642
603
759
631
744
651
539
769
676
765
572
711
677
519
705
500
734
542
638
583
782
737
791
695
645
733
703
785
517
650
550
799
687
621
790
514
717
740
537
729
575
682
511
615
536
773
505
504
748
727
660
589
771
635
605
751
728
541
573
502
564
582
546
779
548
647
690
604
679
796
758
636
673
644
503
655
557
732
780
653
798
3755
62
703
649
631
717
770
748
730
522
506
677
737
551
676
616
605
568
731
773
655
519
763
544
564
548
690
733
710
615
657
514
743
537
682
547
768
727
614
662
658
516
716
611
719
529
728
584
510
787
791
723
612
567
793
572
540
515
561
589
546
711
597
750
3014
84
771
679
603
717
549
621
658
687
756
593
609
601
792
709
754
517
581
547
776
689
766
582
705
541
719
769
527
739
567
733
589
647
599
676
506
597
780
505
631
752
568
799
580
795
561
564
575
598
519
537
502
761
571
731
704
616
604
503
750
764
671
740
653
657
715
702
793
577
522
743
636
798
644
510
633
651
602
785
765
770
530
550
635
566
1604
74
539
638
511
625
551
710
672
505
747
570
711
593
796
716
750
596
525
581
715
609
773
658
793
739
685
546
547
601
768
590
717
615
603
662
586
514
598
754
779
642
765
543
651
510
792
580
687
513
544
548
784
689
500
676
536
617
663
647
561
579
613
504
719
677
790
760
541
759
785
566
573
771
643
611
2964
39
734
743
591
686
536
615
758
546
550
580
715
795
515
617
744
771
595
733
791
655
527
572
777
582
695
651
581
790
584
601
633
755
657
567
724
650
754
642
506
4096
30
625
587
786
511
715
610
597
503
716
702
747
581
684
758
593
500
629
644
673
727
605
682
649
754
525
637
766
795
764
647
4304
75
637
792
546
728
603
716
510
765
541
773
577
672
793
604
590
687
638
516
694
689
745
668
650
770
659
568
739
571
702
505
529
602
515
537
613
682
601
502
561
653
743
503
608
649
575
761
784
730
543
775
768
572
746
723
530
629
581
500
517
744
513
610
636
544
684
711
790
798
566
645
787
582
539
621
609
2643
32
768
701
798
527
531
757
736
727
779
737
730
572
605
554
684
660
615
637
575
540
744
582
679
759
657
570
704
709
770
731
655
583
1882
75
689
503
719
645
784
573
782
747
745
717
670
629
773
636
515
642
568
730
587
561
695
771
650
566
542
737
709
763
511
792
612
728
613
732
710
547
736
775
682
704
690
712
621
757
529
575
616
527
675
657
577
590
716
544
504
684
779
522
604
759
638
754
768
761
583
557
739
643
517
765
505
766
585
514
651
3653
56
671
608
798
650
539
769
611
649
587
581
589
542
715
550
739
643
551
513
517
670
609
780
748
573
782
575
620
599
515
531
500
572
777
672
685
736
621
758
771
596
757
731
701
743
768
624
663
733
779
546
679
694
505
544
583
662
4480
51
548
711
657
773
770
650
527
621
531
511
505
628
608
554
780
701
675
637
586
503
756
579
587
766
510
530
590
546
799
643
568
506
500
536
746
719
612
791
602
544
704
733
563
605
779
573
660
609
785
792
757
3277
75
589
686
792
727
681
701
541
517
587
620
754
616
684
776
736
775
796
544
761
568
647
679
643
690
513
621
613
506
795
676
759
601
610
773
581
614
748
615
593
636
500
522
557
712
638
597
705
747
583
657
651
546
668
709
542
744
570
799
710
515
673
764
758
739
650
505
582
608
658
580
543
585
737
791
734
3139
73
663
657
771
585
550
779
709
601
676
642
763
687
690
759
643
597
587
505
744
730
729
515
547
782
561
736
758
580
581
612
629
752
602
637
628
500
679
617
776
768
775
595
570
542
747
529
525
573
598
677
522
748
635
586
644
792
733
732
534
514
543
773
653
671
660
765
743
647
517
636
638
506
740
